,Reg no.,Name,Incorp-orated,Dissolved,Type1,0229527,"ABAYA INVESTMENTS LIMITED (d1995-05-22)",1988-10-07,1995-05-22,"Private, ltd by shares"2,0229368,"ACCOUNTING AUTOMATION SERVICES LIMITED",1988-10-07,2003-02-21,"Private, ltd by shares"3,0229528,"ACHAO LIMITED",1988-10-07,1997-06-20,"Private, ltd by shares"4,0229307,"ADVANCE CITY INVESTMENT LIMITED
越都投資有限公司",1988-10-07,2005-10-14,"Private, ltd by shares"5,0229449,"ALEO INTERNATIONAL LIMITED
亞里奧國際工程貿易有限公司",1988-10-07,2004-07-23,"Private, ltd by shares"6,0229283,"ALEXWOOD PROPERTIES LIMITED",1988-10-07,1997-04-25,"Private, ltd by shares"7,0229422,"ALLEGRA CORPORATION LIMITED",1988-10-07,1997-06-06,"Private, ltd by shares"8,0229494,"ANATY LIMITED",1988-10-07,2003-08-29,"Private, ltd by shares"9,0229229,"ANCASTER INVESTMENTS LIMITED (d2005-08-12)",1988-10-07,2005-08-12,"Private, ltd by shares"10,0229519,"APSCORE INTERNATIONAL (H.K.) LIMITED",1988-10-07,1996-10-18,"Private, ltd by shares"11,0229271,"ARKERSEN ASSOCIATES LIMITED",1988-10-07,1997-08-15,"Private, ltd by shares"12,0229529,"AROLLA COMPANY LIMITED",1988-10-07,1999-02-26,"Private, ltd by shares"13,0229531,"ASIAN PRODUCT SOURCES LIMITED (d2007-01-19)",1988-10-07,2007-01-19,"Private, ltd by shares"14,0229630,"ASIATIC UNION DEVELOPMENT LIMITED
積鵬發展有限公司",1988-10-07,2011-11-11,"Private, ltd by shares"15,0229244,"ASSOCIATED ADVISERS LIMITED
聯毅顧問有限公司",1988-10-07,,"Private, ltd by shares"16,0229247,"AUSTRALASIAN AIRLINES LIMITED",1988-10-07,2015-05-08,"Private, ltd by shares"17,0229578,"AUSTRALIAN BUSINESS INTRODUCTION SERVICES LIMITED",1988-10-07,2002-01-04,"Private, ltd by shares"18,0229486,"AUTEM-PRO ENGINEERING COMPANY LIMITED
普亨工程有限公司",1988-10-07,2003-08-29,"Private, ltd by shares"19,0229601,"BACCHUS INVESTMENTS LIMITED (d1997-01-10)",1988-10-07,1997-01-10,"Private, ltd by shares"20,0229262,"BASSINGBOURN SECURITIES LIMITED",1988-10-07,1994-09-09,"Private, ltd by shares"21,0229605,"BEAUTIFUL CITY COMPANY LIMITED
美滿居有限公司",1988-10-07,1999-01-22,"Private, ltd by shares"22,0229430,"BEAUTY KING LIMITED (d2003-04-25)
朝盛有限公司",1988-10-07,2003-04-25,"Private, ltd by shares"23,0229588,"BEEHIVE LIMITED",1988-10-07,,"Private, ltd by shares"24,0229526,"BEIJING TUNG JEN TANG LIMITED
北京同仁堂有限公司",1988-10-07,,"Private, ltd by shares"25,0229628,"BELLINGHAM DEVELOPMENT LIMITED
新領域發展有限公司",1988-10-07,1997-12-12,"Private, ltd by shares"26,0229394,"BEST GLORY INDUSTRIAL LIMITED
捷安實業有限公司",1988-10-07,,"Private, ltd by shares"27,0229465,"BEST TOP TECHNOLOGIES LIMITED
標達科技有限公司",1988-10-07,2003-08-29,"Private, ltd by shares"28,0229373,"BEST USE LIMITED
良用有限公司",1988-10-07,1991-01-11,"Private, ltd by shares"29,0229220,"BESTAKE DEVELOPMENT LIMITED
佳選發展有限公司",1988-10-07,2001-09-28,"Private, ltd by shares"30,0229371,"BETTER USE LIMITED
佳用有限公司",1988-10-07,2005-11-25,"Private, ltd by shares"31,0229668,"BILLION FAST INVESTMENT LIMITED
必快投資有限公司",1988-10-07,1999-09-29,"Private, ltd by shares"32,0229670,"BILLION GAIN DEVELOPMENT LIMITED (d1999-07-23)
必盈發展有限公司",1988-10-07,1999-07-23,"Private, ltd by shares"33,0229669,"BILLION LIGHT INVESTMENT LIMITED
必亮投資有限公司",1988-10-07,2008-01-09,"Private, ltd by shares"34,0229460,"BILLION LIGHT LIMITED",1988-10-07,2013-12-20,"Private, ltd by shares"35,0229671,"BILLION POINT DEVELOPMENT LIMITED
必進發展有限公司",1988-10-07,,"Private, ltd by shares"36,0229666,"BILLION UP DEVELOPMENT LIMITED (d1999-08-13)
必上發展有限公司",1988-10-07,1999-08-13,"Private, ltd by shares"37,0229210,"BIO TECH (ASIA) LIMITED
沛達生化技術有限公司",1988-10-07,,"Private, ltd by shares"38,0229473,"BLAKELAND TRADING LIMITED",1988-10-07,2000-02-18,"Private, ltd by shares"39,0229625,"BLOSSOM TOUR COMPANY LIMITED
百花旅遊有限公司",1988-10-07,1997-12-12,"Private, ltd by shares"40,0229683,"BLUE SPIRIT LIMITED (d2004-05-14)",1988-10-07,2004-05-14,"Private, ltd by shares"41,0229495,"BOANGA LIMITED",1988-10-07,2002-07-17,"Private, ltd by shares"42,0229672,"BON PLACE CONSULTANTS LIMITED",1988-10-07,,"Private, ltd by shares"43,0229680,"BON PROFIT DEVELOPMENT LIMITED
邦發發展有限公司",1988-10-07,2003-10-17,"Private, ltd by shares"44,0229679,"BON TAI INVESTMENT LIMITED
寶添發投資有限公司",1988-10-07,,"Private, ltd by shares"45,0229554,"BOONEVILLE COMPANY LIMITED
本利來有限公司",1988-10-07,,"Private, ltd by shares"46,0229372,"BORN OCEAN LIMITED
主洋有限公司",1988-10-07,1997-04-25,"Private, ltd by shares"47,0229532,"BOSOLI COMPANY LIMITED",1988-10-07,2009-05-08,"Private, ltd by shares"48,0229266,"BRACKYN INTERNATIONAL LIMITED",1988-10-07,1994-09-09,"Private, ltd by shares"49,0229263,"BRAIKET LIMITED",1988-10-07,2003-03-07,"Private, ltd by shares"50,0229374,"BRIGHT FOCUS DEVELOPMENT LIMITED
巨信實業有限公司",1988-10-07,2010-02-26,"Private, ltd by shares"51,0229459,"BRIGHT SLOGAN LIMITED
信亮有限公司",1988-10-07,1997-04-25,"Private, ltd by shares"52,0229541,"BRIGHT-TECH LIMITED
巴達有限公司",1988-10-07,2003-08-29,"Private, ltd by shares"53,0229393,"BRILIVISION MANUFACTURING LIMITED
百榮眼鏡廠有限公司",1988-10-07,,"Private, ltd by shares"54,0229635,"BRILLIANT BEST INVESTMENT LIMITED
必良投資有限公司",1988-10-07,,"Private, ltd by shares"55,0229636,"BRILLIANT BRIGHT DEVELOPMENT LIMITED
必耀發展有限公司",1988-10-07,2012-09-25,"Private, ltd by shares"56,0229634,"BRILLIANT GLORY INVESTMENT LIMITED (d1991-06-04)
必先投資有限公司",1988-10-07,1991-06-04,"Private, ltd by shares"57,0229408,"BRILLIANT SUCCESS DEVELOPMENT LIMITED (d1997-06-06)
智昌發展有限公司",1988-10-07,1997-06-06,"Private, ltd by shares"58,0229637,"BRILLIANT TARGET INVESTMENT LIMITED
立程投資有限公司",1988-10-07,2003-04-25,"Private, ltd by shares"59,0229638,"BRILLIANT WHEEL INVESTMENT LIMITED
立鵬投資有限公司",1988-10-07,2020-07-03,"Private, ltd by shares"60,0229586,"BRONTAY LIMITED",1988-10-07,,"Private, ltd by shares"61,0229355,"BURUN LIMITED
普馳有限公司",1988-10-07,2003-07-04,"Private, ltd by shares"62,0229600,"BUYRITE LIMITED",1988-10-07,1997-02-21,"Private, ltd by shares"63,0229268,"CAMPKIN CONSULTANTS LIMITED
今建有限公司",1988-10-07,2014-05-30,"Private, ltd by shares"64,0229480,"CARACTACUS LIMITED (d1997-04-25)",1988-10-07,1997-04-25,"Private, ltd by shares"65,0229582,"CARRY FLOWER TRADING LIMITED
基利華貿易有限公司",1988-10-07,2002-02-15,"Private, ltd by shares"66,0229487,"CASARICA DEVELOPMENT LIMITED
加利加發展有限公司",1988-10-07,1997-04-25,"Private, ltd by shares"67,0229596,"CAYSTEIN LIMITED",1988-10-07,2001-02-16,"Private, ltd by shares"68,0229491,"CENTAWOOD LIMITED",1988-10-07,2000-07-21,"Private, ltd by shares"69,0229675,"CENTURY BENEFIT DEVELOPMENT LIMITED (d1996-12-20)
世盛發展有限公司",1988-10-07,1996-12-20,"Private, ltd by shares"70,0229674,"CENTURY CHEER INVESTMENT LIMITED
世祐投資有限公司",1988-10-07,2000-07-21,"Private, ltd by shares"71,0229676,"CENTURY HARBOUR INVESTMENT LIMITED
世港投資有限公司",1988-10-07,,"Private, ltd by shares"72,0229673,"CENTURY LONG INVESTMENT LIMITED
世朗投資有限公司",1988-10-07,2002-08-16,"Private, ltd by shares"73,0229678,"CENTURY POINT INVESTMENT LIMITED
世邦投資有限公司",1988-10-07,1999-06-11,"Private, ltd by shares"74,0229667,"CENTURY YEAR COMPANY LIMITED",1988-10-07,2016-05-27,"Private, ltd by shares"75,0229565,"CHAIN RICH INVESTMENTS LIMITED
正裕投資有限公司",1988-10-07,2002-02-15,"Private, ltd by shares"76,0229567,"CHAIN YEAR DEVELOPMENT LIMITED
正年發展有限公司",1988-10-07,1993-06-12,"Private, ltd by shares"77,0229201,"CHANG CHENG SI LAN INDUSTRIAL LIMITED
長城熙蘭實業有限公司",1988-10-07,1994-04-29,"Private, ltd by shares"78,0229451,"CHARTER KEEN INVESTMENTS LIMITED
潤景投資有限公司",1988-10-07,,"Private, ltd by shares"79,0229639,"CHEER MOTION INVESTMENT LIMITED
彪順投資有限公司",1988-10-07,1999-07-23,"Private, ltd by shares"80,0229640,"CHEER REGENT INVESTMENT LIMITED
彪俊投資有限公司",1988-10-07,2003-08-29,"Private, ltd by shares"81,0229641,"CHEER TARGET INVESTMENT LIMITED (d1997-02-21)
彪宏投資有限公司",1988-10-07,1997-02-21,"Private, ltd by shares"82,0229420,"CHEN &amp; YUNG GROUP LIMITED
陳榮有限公司",1988-10-07,2001-11-02,"Private, ltd by shares"83,0229690,"CHEN HSONG INDUSTRIAL TRADING COMPANY LIMITED
震雄工業貿易有限公司",1988-10-07,2007-12-14,"Private, ltd by shares"84,0229692,"CHIA TAI SECURITIES LIMITED
正大投資服務有限公司",1988-10-07,2010-06-05,"Private, ltd by shares"85,0229378,"CHIART LIMITED (d1997-03-21)
民凌有限公司",1988-10-07,1997-03-21,"Private, ltd by shares"86,0229377,"CHIEF FORCE LIMITED (d2002-07-26)
主權有限公司",1988-10-07,2002-07-26,"Private, ltd by shares"87,0229236,"CHILD STORY LIMITED
童謠有限公司",1988-10-07,,"Private, ltd by shares"88,0229456,"CHINA LAMP INVESTMENTS LIMITED
中亮投資有限公司",1988-10-07,2001-07-20,"Private, ltd by shares"89,0229535,"CHINA PUBLIC RELATIONS LIMITED",1988-10-07,1997-06-27,"Private, ltd by shares"90,0229698,"CHINALINK WORLDWIDE LIMITED
中菱環球有限公司",1988-10-07,2003-08-29,"Private, ltd by shares"91,0229253,"CHIVAS DEVELOPMENT LIMITED (d2004-03-12)
添馬發展有限公司",1988-10-07,2004-03-12,"Private, ltd by shares"92,0229523,"CHUA HIEN HO COMPANY LIMITED
蔡賢和有限公司",1988-10-07,1998-04-24,"Private, ltd by shares"93,0229611,"CHUNG LUN TOURIST BUS LIMITED
宗倫旅遊巴士有限公司",1988-10-07,2004-07-23,"Private, ltd by shares"94,0229362,"CLAYTON RESEARCH INSTITUTE LIMITED",1988-10-07,2001-07-20,"Private, ltd by shares"95,0229416,"CLEVERLAND NOMINEES LIMITED
加信代理人有限公司",1988-10-07,,"Private, ltd by shares"96,0229235,"CO-VICTORY LIMITED
互達有限公司",1988-10-07,2006-01-13,"Private, ltd by shares"97,0229376,"COLOUR CORAL INVESTMENT LIMITED
彩珊投資有限公司",1988-10-07,1997-04-25,"Private, ltd by shares"98,0229652,"COLOUR TARGET INVESTMENT LIMITED
彩霞投資有限公司",1988-10-07,2003-03-24,"Private, ltd by shares"99,0229282,"CONAGHAN PROPERTIES LIMITED",1988-10-07,2003-03-07,"Private, ltd by shares"100,0229587,"CONNASKEY LIMITED",1988-10-07,1999-07-23,"Private, ltd by shares"101,0229290,"CONOFORD LIMITED
剛德有限公司",1988-10-07,2006-03-17,"Private, ltd by shares"102,0229249,"CORTINA SPORTS INTERNATIONAL (HK) LIMITED
精英運動用品(香港)有限公司",1988-10-07,1999-10-24,"Private, ltd by shares"103,0229338,"COSIM LIMITED",1988-10-07,2003-08-29,"Private, ltd by shares"104,0229442,"COSMOPOLITAN SHIPPING COMPANY, LIMITED
南海船務有限公司",1988-10-07,2004-12-17,"Private, ltd by shares"105,0229579,"COSMOS KING INDUSTRIAL LIMITED
冠景實業有限公司",1988-10-07,1995-12-15,"Private, ltd by shares"106,0229533,"COTTICA INVESTMENTS LIMITED",1988-10-07,1993-09-03,"Private, ltd by shares"107,0229375,"CREA-RISE DEVELOPMENT LIMITED
拓揚發展有限公司",1988-10-07,1997-04-25,"Private, ltd by shares"108,0229257,"CRITICAL MASS LIMITED (d1997-09-19)",1988-10-07,1997-09-19,"Private, ltd by shares"109,0229477,"CROMDEN ENTERPRISES LIMITED",1988-10-07,1997-04-25,"Private, ltd by shares"110,0229296,"CROSSSKY INDUSTRIAL LIMITED
世航實業有限公司",1988-10-07,2003-05-30,"Private, ltd by shares"111,0229435,"CRYSTAL MIND LIMITED
晶敏有限公司",1988-10-07,1989-12-04,"Private, ltd by shares"112,0229694,"CULTIVATED COMPANY LIMITED (d2011-01-21)",1988-10-07,2011-01-21,"Private, ltd by shares"113,0229627,"CUMBERLAND INVESTMENT LIMITED
彪潤投資有限公司",1988-10-07,1994-04-15,"Private, ltd by shares"114,0229543,"DACOM INVESTMENTS LIMITED (d2011-04-08)
特昌投資有限公司",1988-10-07,2011-04-08,"Private, ltd by shares"115,0229540,"DAFFONY LIMITED
德勳有限公司",1988-10-07,2003-06-20,"Private, ltd by shares"116,0229340,"DAILY VIEW PROPERTIES LIMITED
觀日置業有限公司",1988-10-07,1990-09-07,"Private, ltd by shares"117,0229539,"DECOLLY DEVELOPMENTS LIMITED
特裕發展有限公司",1988-10-07,1992-09-19,"Private, ltd by shares"118,0229206,"DEXPAC (H.K.) LIMITED",1988-10-07,2001-03-02,"Private, ltd by shares"119,0229392,"DICKSON INSURANCE AGENTS LIMITED
狄燊保險代理有限公司",1988-10-07,2000-08-04,"Private, ltd by shares"120,0229243,"DICKSON INTERIOR DESIGN LIMITED
廸生室內設計有限公司",1988-10-07,,"Private, ltd by shares"121,0229341,"DISI LIMITED (d2006-02-16)",1988-10-07,2006-02-16,"Private, ltd by shares"122,0229265,"DODDINGTON FINANCE LIMITED",1988-10-07,2000-04-07,"Private, ltd by shares"123,0229500,"DOKAY LIMITED",1988-10-07,,"Private, ltd by shares"124,0229211,"DOMINANT ENGINEERING COMPANY LIMITED
精準工程有限公司",1988-10-07,1993-12-27,"Private, ltd by shares"125,0229438,"DONEX INVESTMENT LIMITED
壯力投資有限公司",1988-10-07,2012-06-29,"Private, ltd by shares"126,0229213,"DONQUIN COMPANY LIMITED
敦鈞有限公司",1988-10-07,2003-08-29,"Private, ltd by shares"127,0229401,"E &amp; L MICRO-INDUSTRIES LIMITED
意利電子有限公司",1988-10-07,2001-04-20,"Private, ltd by shares"128,0229454,"EASY SHINE INDUSTRIAL LIMITED
怡亮實業有限公司",1988-10-07,,"Private, ltd by shares"129,0229223,"EASYLINK DEVELOPMENT LIMITED (d2003-03-07)
依事成發展有限公司",1988-10-07,2003-03-07,"Private, ltd by shares"130,0229222,"ECONLINK DEVELOPMENT LIMITED
經財發展有限公司",1988-10-07,1995-09-22,"Private, ltd by shares"131,0229577,"EDKASHI LIMITED",1988-10-07,2003-07-04,"Private, ltd by shares"132,0229538,"EIGHT SEAS VENTURES LIMITED",1988-10-07,1997-06-27,"Private, ltd by shares"133,0229583,"ELGAR LIMITED",1988-10-07,,"Private, ltd by shares"134,0229260,"ELSENHAM COMPANY LIMITED",1988-10-07,2002-07-05,"Private, ltd by shares"135,0229251,"ERAWAN WATERPROOFING COMPANY LIMITED
毅利華防水有限公司",1988-10-07,2009-01-02,"Private, ltd by shares"136,0229455,"ESTEEM MARKETING &amp; SERVICES LIMITED",1988-10-07,,"Private, ltd by shares"137,0229536,"EU. ASIA ENGINEERING LIMITED
萬發工程有限公司",1988-10-07,2000-09-29,"Private, ltd by shares"138,0229610,"EVERSET INVESTMENTS LIMITED
置恒投資有限公司",1988-10-07,1998-05-26,"Private, ltd by shares"139,0229603,"F &amp; F JEWELRY MFG., LIMITED",1988-10-07,1997-02-21,"Private, ltd by shares"140,0229426,"F &amp; W CONSULTANTS LIMITED
福運顧問有限公司",1988-10-07,1997-06-06,"Private, ltd by shares"141,0229443,"F L INVESTMENT SERVICES LIMITED",1988-10-07,1996-04-02,"Private, ltd by shares"142,0229660,"F.C. TAM SURVEYORS LIMITED
談逢祥測計師行有限公司",1988-10-07,,"Private, ltd by shares"143,0229329,"FACTOR MOTION LIMITED
分務有限公司",1988-10-07,1993-08-05,"Private, ltd by shares"144,0229324,"FACTOR POINT LIMITED
發達邦有限公司",1988-10-07,2000-08-18,"Private, ltd by shares"145,0229286,"FAITHSPEED DEVELOPMENT LIMITED
信速發展有限公司",1988-10-07,1991-05-12,"Private, ltd by shares"146,0229431,"FAMOUS CHAIN LIMITED (d1997-06-06)
啟基有限公司",1988-10-07,1997-06-06,"Private, ltd by shares"147,0229330,"FAMOUS PARADISE LIMITED
名宮有限公司",1988-10-07,2006-06-23,"Private, ltd by shares"148,0229571,"FANBANA ASIA LIMITED",1988-10-07,2004-12-31,"Private, ltd by shares"149,0229219,"FAOLLOY DEVELOPMENT LIMITED
富業萊發展有限公司",1988-10-07,,"Private, ltd by shares"150,0229331,"FAST HOPE LIMITED
速望有限公司",1988-10-07,1997-04-25,"Private, ltd by shares"151,0229585,"FEDERAL-MOGUL WORLD TRADE HONG KONG LIMITED
美國輝門股份(香港)有限公司",1988-10-07,2001-04-20,"Private, ltd by shares"152,0229584,"FENTON LIMITED (d1997-02-21)",1988-10-07,1997-02-21,"Private, ltd by shares"153,0229328,"FIKEEN TRAVEL COMPANY LIMITED
飛鍵旅運有限公司",1988-10-07,1997-06-27,"Private, ltd by shares"154,0229570,"FINE YEAR DEVELOPMENT LIMITED
錦年發展有限公司",1988-10-07,2004-12-24,"Private, ltd by shares"155,0229684,"FIRST DAY INVESTMENT LIMITED
首日投資有限公司",1988-10-07,1999-02-26,"Private, ltd by shares"156,0229225,"FM CONSULTANCY LIMITED",1988-10-07,,"Private, ltd by shares"157,0229441,"FONG'S CONSULTANCY SERVICES COMPANY LIMITED
立信顧問有限公司",1988-10-07,1998-10-09,"Private, ltd by shares"158,0229318,"FONTON INVESTMENT LIMITED
方通投資有限公司",1988-10-07,1997-04-25,"Private, ltd by shares"159,0229325,"FORCE ORIGIN INVESTMENT LIMITED
蘊力投資有限公司",1988-10-07,,"Private, ltd by shares"160,0229415,"FORTUNE WAY NOMINEES LIMITED
順洋代理人有限公司",1988-10-07,1997-06-06,"Private, ltd by shares"161,0229425,"FOXWELL CONSULTANTS LIMITED
福濤顧問有限公司",1988-10-07,2003-03-14,"Private, ltd by shares"162,0229471,"FRAMBURY PROPERTIES LIMITED",1988-10-07,1997-04-25,"Private, ltd by shares"163,0229693,"FREELOADING COMPANY LIMITED",1988-10-07,1997-04-25,"Private, ltd by shares"164,0229261,"FREVILLE SECURITIES LIMITED",1988-10-07,1997-04-25,"Private, ltd by shares"165,0229326,"FRONT STYLE INDUSTRIAL LIMITED
始藝實業有限公司",1988-10-07,1997-06-27,"Private, ltd by shares"166,0229240,"FU WU DESIGN COMPANY LIMITED
富和設計有限公司",1988-10-07,1996-12-20,"Private, ltd by shares"167,0229475,"FUENTE FINANCE LIMITED",1988-10-07,1997-04-25,"Private, ltd by shares"168,0229562,"FULL CHAIN DEVELOPMENT LIMITED
正富發展有限公司",1988-10-07,1997-06-27,"Private, ltd by shares"169,0229472,"FUNNEL TRADING LIMITED",1988-10-07,2000-12-15,"Private, ltd by shares"170,0229226,"GAIN LANE DEVELOPMENT LIMITED
秀妍發展有限公司",1988-10-07,2003-12-24,"Private, ltd by shares"171,0229250,"GAINRACE LIMITED (d2003-03-21)
恒利事有限公司",1988-10-07,2003-03-21,"Private, ltd by shares"172,0229496,"GAPORT LIMITED",1988-10-07,,"Private, ltd by shares"173,0229594,"GEMTRAX LIMITED",1988-10-07,2012-08-24,"Private, ltd by shares"174,0229418,"GISSING NOMINEES LIMITED",1988-10-07,2005-09-23,"Private, ltd by shares"175,0229320,"GLAD DRAGON INVESTMENT LIMITED
趣龍投資有限公司",1988-10-07,1997-02-28,"Private, ltd by shares"176,0229319,"GLAD PLAN DEVELOPMENT LIMITED
開建發展有限公司",1988-10-07,1997-03-21,"Private, ltd by shares"177,0229347,"GLORY COMMENCE INVESTMENT LIMITED
煜啓投資有限公司",1988-10-07,2001-03-09,"Private, ltd by shares"178,0229507,"GLORY FRIEND LIMITED (d2000-04-07)
耀君有限公司",1988-10-07,2000-04-07,"Private, ltd by shares"179,0229397,"GLORYFIELD INDUSTRIAL LIMITED
翠豪實業有限公司",1988-10-07,2010-05-05,"Private, ltd by shares"180,0229462,"GOLD ELEVATE COMPANY LIMITED
金利威國際有限公司",1988-10-07,2003-08-29,"Private, ltd by shares"181,0229512,"GOLD FORTUNE SERVICES LIMITED
金興服務有限公司",1988-10-07,1991-01-11,"Private, ltd by shares"182,0229246,"GOLD PROFIT ELECTRONIC LIMITED
金潤電子有限公司",1988-10-07,1998-01-23,"Private, ltd by shares"183,0229278,"GOLDCROWN TRAVEL LIMITED",1988-10-07,1997-04-25,"Private, ltd by shares"184,0229651,"GOLDEN ARROW INVESTMENT LIMITED
金箭投資有限公司",1988-10-07,1999-01-07,"Private, ltd by shares"185,0229686,"GOLDEN BLOOM DEVELOPMENT LIMITED",1988-10-07,,"Private, ltd by shares"186,0229592,"GOLDEN GIRL LIMITED",1988-10-07,2003-08-29,"Private, ltd by shares"187,0229682,"GOLDEN RESULT INVESTMENT LIMITED",1988-10-07,2011-06-17,"Private, ltd by shares"188,0229681,"GOLDEN TRUE GARMENT FACTORY LIMITED
金港製衣有限公司",1988-10-07,2000-01-26,"Private, ltd by shares"189,0229463,"GOLDGRATE INTERNATIONAL LIMITED
金業國際有限公司",1988-10-07,1997-04-25,"Private, ltd by shares"190,0229218,"GOYEARS INDUSTRIAL LIMITED
高源實業有限公司",1988-10-07,,"Private, ltd by shares"191,0229515,"GRANDTRUTH DEVELOPMENT LIMITED
泛信發展有限公司",1988-10-07,2002-09-27,"Private, ltd by shares"192,0229300,"GREEN MATE INVESTMENT LIMITED
翠羣投資有限公司",1988-10-07,1997-04-25,"Private, ltd by shares"193,0229361,"GREEN ORIGIN LIMITED (d1997-05-16)
晶結有限公司",1988-10-07,1997-05-16,"Private, ltd by shares"194,0229321,"GREEN SAIL LIMITED
綠航有限公司",1988-10-07,2002-08-01,"Private, ltd by shares"195,0229285,"GROUP SHINE ENGINEERING DEVELOPMENT LIMITED
群耀工程發展有限公司",1988-10-07,2008-09-12,"Private, ltd by shares"196,0229390,"HANTA TEXTILE CO. LIMITED
亨泰紡織有限公司",1988-10-07,,"Private, ltd by shares"197,0229237,"HARDCROWN LIMITED
勤之冠有限公司",1988-10-07,,"Private, ltd by shares"198,0229363,"HEART WILL INVESTMENT LIMITED
心達投資有限公司",1988-10-07,2004-03-12,"Private, ltd by shares"199,0229228,"HELION TRADING LIMITED",1988-10-07,1997-05-30,"Private, ltd by shares"200,0229402,"HENKER CLEANING SERVICE LIMITED
軒達清潔服務有限公司",1988-10-07,1997-06-06,"Private, ltd by shares"201,0229274,"HEREWARD INVESTMENTS LIMITED (d2005-09-23)",1988-10-07,2005-09-23,"Private, ltd by shares"202,0229559,"HGYT LIMITED
何光裕堂有限公司",1988-10-07,,"Private, ltd by shares"203,0229444,"HI-GENETIC COMPANY LIMITED",1988-10-07,1997-06-06,"Private, ltd by shares"204,0229453,"HIGH LIGHT DEVELOPMENT LIMITED
鉅亮發展有限公司",1988-10-07,2005-09-23,"Private, ltd by shares"205,0229595,"HIGHTRAX LIMITED",1988-10-07,1997-01-10,"Private, ltd by shares"206,0229479,"HIGN TAI TOYS COMPANY LIMITED
興泰玩具有限公司",1988-10-07,,"Private, ltd by shares"207,0229622,"HONG KONG CHINA INTELLECTUAL PROPERTY ASSOCIATION LIMITED
香港中國知識產權協會有限公司",1988-10-07,2010-09-24,"Private, ltd by shares"208,0229196,"HONG KONG FEDERATION OF TRADE UNIONS WORKERS' MEDICAL CLINICS
香港工會聯合會工人醫療所",1988-10-07,,"Ltd by guarantee"209,0229217,"HONOUR CHAIN LIMITED
港之榮有限公司",1988-10-07,2003-08-04,"Private, ltd by shares"210,0229429,"HONWAY NOMINEES LIMITED
康威代理人有限公司",1988-10-07,2020-05-08,"Private, ltd by shares"211,0229298,"HORSCOM INDUSTRIAL LIMITED
駿迎實業有限公司",1988-10-07,1997-03-21,"Private, ltd by shares"212,0229439,"HOUSE OF ORIAL LIMITED",1988-10-07,1997-06-06,"Private, ltd by shares"213,0229214,"HULSIZER'S TRADING LIMITED
雙囍利是有限公司",1988-10-07,2006-09-08,"Private, ltd by shares"214,0229389,"I.T.V. (FAR EAST) LIMITED",1988-10-07,1997-04-18,"Private, ltd by shares"215,0229230,"ICKLINGHAM LIMITED (d1993-06-15)",1988-10-07,1993-06-15,"Private, ltd by shares"216,0229350,"IMMVIC LIMITED
現域有限公司",1988-10-07,2011-09-28,"Private, ltd by shares"217,0229691,"INCOMIC (HONG KONG) LIMITED
工商實業(香港)有限公司",1988-10-07,1997-02-21,"Private, ltd by shares"218,0229476,"INGBOURNE FINANCE LIMITED",1988-10-07,1997-04-25,"Private, ltd by shares"219,0229384,"IOM EXPORT LIMITED",1988-10-07,2008-05-16,"Private, ltd by shares"220,0229478,"JANSAN TRADING COMPANY LIMITED
建山貿易有限公司",1988-10-07,2001-02-23,"Private, ltd by shares"221,0229549,"JINAN INVESTMENT &amp; DEVELOPMENT COMPANY LIMITED
暨南投資發展有限公司",1988-10-07,2009-01-16,"Private, ltd by shares"222,0229461,"JOIN SHINE LIMITED (d1995-12-18)
統亮有限公司",1988-10-07,1995-12-18,"Private, ltd by shares"223,0229203,"JOYCE MARK COMPANY LIMITED",1988-10-07,2013-05-16,"Private, ltd by shares"224,0229400,"K &amp; B TECHNOLOGY LIMITED
啟邦科技有限公司",1988-10-07,1997-03-21,"Private, ltd by shares"225,0229212,"K &amp; S INTERIOR DESIGN LIMITED
恒威設計廔有限公司",1988-10-07,2013-08-09,"Private, ltd by shares"226,0229310,"K-WIN INVESTMENT LIMITED
鏗詠投資有限公司",1988-10-07,1997-04-25,"Private, ltd by shares"227,0229380,"K. L. LEE &amp; PARTNERS BUSINESS CONSULTING LIMITED
李家樑聯合商務策畧有限公司",1988-10-07,2007-03-23,"Private, ltd by shares"228,0229293,"KAI PUI INVESTMENT LIMITED
啟培投資有限公司",1988-10-07,2003-02-21,"Private, ltd by shares"229,0229614,"KAPOHA LIMITED",1988-10-07,,"Private, ltd by shares"230,0229309,"KEEN COMMENCE DEVELOPMENT LIMITED
堅啓發展有限公司",1988-10-07,,"Private, ltd by shares"231,0229252,"KEEP FIRST INVESTMENT LIMITED
澤高投資有限公司",1988-10-07,2002-01-04,"Private, ltd by shares"232,0229558,"KENBASE DEVELOPMENT LIMITED
康基發展有限公司",1988-10-07,1997-06-27,"Private, ltd by shares"233,0229607,"KEYBRIDGE COMPANY LIMITED",1988-10-07,,"Private, ltd by shares"234,0229521,"KING GROWTH COMPANY LIMITED
育浩有限公司",1988-10-07,1997-06-27,"Private, ltd by shares"235,0229506,"KING'S PARK DEVELOPMENT LIMITED (d1997-06-27)
栢裕發展有限公司",1988-10-07,1997-06-27,"Private, ltd by shares"236,0229433,"KINGFIRM DEVELOPMENT (HOLDINGS) LIMITED
軒輝發展(集團)有限公司",1988-10-07,1997-06-06,"Private, ltd by shares"237,0229399,"KINGSFIELD TECHNOLOGY LIMITED
韋長科技有限公司",1988-10-07,,"Private, ltd by shares"238,0229410,"KINGSPEED CONSULTANTS LIMITED
捷興顧問有限公司",1988-10-07,,"Private, ltd by shares"239,0229407,"KINGSPEED DEVELOPMENT LIMITED
帝昌發展有限公司",1988-10-07,2006-03-17,"Private, ltd by shares"240,0229232,"KINGYING COMPUTER LABEL LIMITED
金盈電腦商標有限公司",1988-10-07,2011-01-25,"Private, ltd by shares"241,0229294,"KOKTON INVESTMENT LIMITED
國登投資有限公司",1988-10-07,2003-03-07,"Private, ltd by shares"242,0229292,"KUNBOOM LIMITED
弘本有限公司",1988-10-07,1999-02-12,"Private, ltd by shares"243,0229589,"KYARD LIMITED",1988-10-07,,"Private, ltd by shares"244,0229489,"LAI SI INTERNATIONAL LIMITED",1988-10-07,1999-02-26,"Private, ltd by shares"245,0229617,"LARAMATIQUE HOLDINGS LIMITED",1988-10-07,2005-09-23,"Private, ltd by shares"246,0229432,"LAVIN HALL ASSOCIATES LIMITED
正弘有限公司",1988-10-07,,"Private, ltd by shares"247,0229552,"LAZARD HONG KONG ASSET MANAGEMENT LIMITED",1988-10-07,1994-07-25,"Private, ltd by shares"248,0229604,"LEGEND SWIMWEAR FACTORY LIMITED
利進達製衣廠有限公司",1988-10-07,,"Private, ltd by shares"249,0229530,"LICATO INVESTMENTS LIMITED",1988-10-07,1998-09-22,"Private, ltd by shares"250,0229312,"LIHON INVESTMENT LIMITED
勵康投資有限公司",1988-10-07,1995-10-20,"Private, ltd by shares"251,0229288,"LINKRIVER DEVELOPMENT LIMITED
連河發展有限公司",1988-10-07,,"Private, ltd by shares"252,0229284,"LONGER YEAR DEVELOPMENT LIMITED
遠年發展有限公司",1988-10-07,,"Private, ltd by shares"253,0229242,"LONGWELL DESIGN &amp; ENGINEERING LIMITED
永佳設計工程有限公司",1988-10-07,1997-09-12,"Private, ltd by shares"254,0229450,"LUCKY FORTUNE TRADING LIMITED (d1994-03-22)
翹順貿易有限公司",1988-10-07,1994-03-22,"Private, ltd by shares"255,0229560,"LUO'S GLYN INVESTMENT COMPANY LIMITED
羅氏格林投資有限公司",1988-10-07,2005-09-23,"Private, ltd by shares"256,0229311,"LUXE FORM LIMITED
藝坊金屬製品有限公司",1988-10-07,1999-09-29,"Private, ltd by shares"257,0229581,"M P (NOMINEES) LIMITED",1988-10-07,2003-05-30,"Private, ltd by shares"258,0229488,"MA PO FINANCE LIMITED",1988-10-07,1994-11-23,"Private, ltd by shares"259,0229576,"MACALLISTER DEVELOPMENTS LIMITED",1988-10-07,,"Private, ltd by shares"260,0229511,"MACAU STAR ENTERPRISES LIMITED
澳門星輝企業有限公司",1988-10-07,2018-06-01,"Private, ltd by shares"261,0229497,"MAFSU LIMITED",1988-10-07,1997-04-25,"Private, ltd by shares"262,0229566,"MAIN CROWN DEVELOPMENT LIMITED (d2010-12-01)
正冠發展有限公司",1988-10-07,2010-12-01,"Private, ltd by shares"263,0229561,"MAINCAPITAL INVESTMENTS LIMITED
頌資投資有限公司",1988-10-07,,"Private, ltd by shares"264,0229301,"MAN HING MOTOR ENGINEERING COMPANY LIMITED
萬興汽車工程有限公司",1988-10-07,,"Private, ltd by shares"265,0229593,"MANNAK LIMITED",1988-10-07,2013-09-13,"Private, ltd by shares"266,0229658,"MARBLE ACTION INVESTMENT LIMITED
立力投資有限公司",1988-10-07,2001-06-22,"Private, ltd by shares"267,0229653,"MARBLE BASE COMPANY LIMITED",1988-10-07,1996-12-20,"Private, ltd by shares"268,0229657,"MARBLE FAITH INVESTMENT LIMITED
立成投資有限公司",1988-10-07,,"Private, ltd by shares"269,0229659,"MARBLE FINE INVESTMENT LIMITED
立發投資有限公司",1988-10-07,1997-01-31,"Private, ltd by shares"270,0229656,"MARBLE GATE INVESTMENT LIMITED
立傑投資有限公司",1988-10-07,1999-02-26,"Private, ltd by shares"271,0229661,"MARBLE GLORY INVESTMENT LIMITED
亨智投資有限公司",1988-10-07,1997-02-21,"Private, ltd by shares"272,0229654,"MARBLE MARK COMPANY LIMITED",1988-10-07,2008-10-31,"Private, ltd by shares"273,0229665,"MARBLE REGENT INVESTMENT LIMITED
立旺投資有限公司",1988-10-07,2003-07-11,"Private, ltd by shares"274,0229663,"MARBLE WIN INVESTMENT LIMITED
立策投資有限公司",1988-10-07,1996-12-20,"Private, ltd by shares"275,0229662,"MARBLE WINNER INVESTMENT LIMITED
立添投資有限公司",1988-10-07,2005-04-15,"Private, ltd by shares"276,0229664,"MARBLE WORTH INVESTMENT LIMITED
亨都投資有限公司",1988-10-07,1998-08-07,"Private, ltd by shares"277,0229687,"MARBLE YEAR DEVELOPMENT LIMITED
擴年發展有限公司",1988-10-07,1996-12-20,"Private, ltd by shares"278,0229314,"MARS HORSE LIMITED
星駒有限公司",1988-10-07,1999-05-28,"Private, ltd by shares"279,0229493,"MASONGATE LIMITED (d1994-10-18)",1988-10-07,1994-10-18,"Private, ltd by shares"280,0229216,"MASTER LEAD (CHINA) LIMITED",1988-10-07,2006-08-18,"Private, ltd by shares"281,0229332,"MAVERICK FILMS INTERNATIONAL LIMITED",1988-10-07,2003-08-29,"Private, ltd by shares"282,0229608,"MAXPORT INDUSTRIAL LIMITED
萬豪實業有限公司",1988-10-07,2003-08-29,"Private, ltd by shares"283,0229199,"MAYWIN SECRETARIAL SERVICES LIMITED
美榮秘書服務有限公司",1988-10-07,2002-03-15,"Private, ltd by shares"284,0229490,"MCNUTTY TRADING LIMITED",1988-10-07,1996-05-31,"Private, ltd by shares"285,0229499,"MEDICARE PRODUCTS LIMITED (d1994-03-03)",1988-10-07,1994-03-03,"Private, ltd by shares"286,0229468,"MEREWIND INVESTMENTS LIMITED",1988-10-07,2003-08-29,"Private, ltd by shares"287,0229613,"MERLANE GARMENT COMPANY LIMITED",1988-10-07,1998-06-16,"Private, ltd by shares"288,0229267,"MGW ASIA LIMITED",1988-10-07,2001-09-21,"Private, ltd by shares"289,0229313,"MIGHTY HONOUR LIMITED (d2004-03-12)",1988-10-07,2004-03-12,"Private, ltd by shares"290,0229342,"MILLET ASIA PACIFIC LIMITED",1988-10-07,2002-04-03,"Private, ltd by shares"291,0229466,"MILLION LIGHT INVESTMENTS LIMITED
萬亮投資有限公司",1988-10-07,,"Private, ltd by shares"292,0229434,"MING FOO INDUSTRIAL COMPANY LIMITED
銘富實業股份有限公司",1988-10-07,,"Private, ltd by shares"293,0229551,"MIRACLE PRINTING COMPANY LIMITED
美高印刷有限公司",1988-10-07,,"Private, ltd by shares"294,0229553,"MOREHEAD COMPANY LIMITED",1988-10-07,2018-04-30,"Private, ltd by shares"295,0229349,"MOST DRAGON INDUSTRIAL LIMITED (d1997-03-21)
增龍實業有限公司",1988-10-07,1997-03-21,"Private, ltd by shares"296,0229484,"MOST IDEAL LIMITED",1988-10-07,1995-07-12,"Private, ltd by shares"297,0229276,"MSS-MEMS LIMITED",1988-10-07,1997-05-30,"Private, ltd by shares"298,0229624,"NITTOKU TSUSHO CO. LIMITED",1988-10-07,2000-12-15,"Private, ltd by shares"299,0229572,"NO. 1 MANUFACTURER INTERNATIONAL LIMITED",1988-10-07,2003-08-29,"Private, ltd by shares"300,0229629,"NOBLEFORD DEVELOPMENT LIMITED
宏惠發展有限公司",1988-10-07,2003-08-29,"Private, ltd by shares"301,0229697,"NORTH DRAGON'S LAIR LIMITED
北龍居有限公司",1988-10-07,2003-02-07,"Private, ltd by shares"302,0229202,"ONCOR INDUSTRIAL LIMITED
開確實業有限公司",1988-10-07,2004-08-05,"Private, ltd by shares"303,0229200,"ONCOR INVESTMENT LIMITED
開確投資有限公司",1988-10-07,2006-08-25,"Private, ltd by shares"304,0229597,"OPTEL LIMITED (d2003-05-23)",1988-10-07,2003-05-23,"Private, ltd by shares"305,0229446,"ORDAIN DEVELOPMENT COMPANY LIMITED
奧丁發展有限公司",1988-10-07,2003-08-29,"Private, ltd by shares"306,0229323,"ORIENT SUN COMMUNICATIONS LIMITED
東日傳播有限公司",1988-10-07,2010-12-03,"Private, ltd by shares"307,0229322,"PACICRAFT PETROLEUM LIMITED
洋藝石油有限公司",1988-10-07,1997-06-27,"Private, ltd by shares"308,0229646,"PACIFIC BLOOM COMPANY LIMITED
宏茂有限公司",1988-10-07,2010-03-05,"Private, ltd by shares"309,0229689,"PACIFIC MORE COMPANY LIMITED",1988-10-07,,"Private, ltd by shares"310,0229688,"PACIFIC SKY COMPANY LIMITED",1988-10-07,2003-04-25,"Private, ltd by shares"311,0229620,"PALEX LIMITED (HK)",1988-10-07,,"Private, ltd by shares"312,0229492,"PALMVIEW LIMITED (HK)",1988-10-07,2020-10-16,"Private, ltd by shares"313,0229542,"PARACOM LIMITED (d1993-02-05)
百事暢有限公司",1988-10-07,1993-02-05,"Private, ltd by shares"314,0229457,"PARALIGHT COMPANY LIMITED",1988-10-07,,"Private, ltd by shares"315,0229655,"PB FAR EAST LIMITED",1988-10-07,2009-02-27,"Private, ltd by shares"316,0229513,"PEARL LINK LIMITED (d1996-11-22)
卡明有限公司",1988-10-07,1996-11-22,"Private, ltd by shares"317,0229619,"PELAKE LIMITED",1988-10-07,2008-04-11,"Private, ltd by shares"318,0229615,"PEREGRINE BROKERAGE LIMITED
百富勤證券有限公司",1988-10-07,2009-08-21,"Private, ltd by shares"319,0229568,"PERFECT WAY DEVELOPMENT LIMITED (d1996-09-13)
正嘉發展有限公司",1988-10-07,1996-09-13,"Private, ltd by shares"320,0229547,"PHILIP YANG &amp; COMPANY LIMITED",1988-10-07,,"Private, ltd by shares"321,0229264,"PIGDEN FINANCE LIMITED",1988-10-07,1997-04-25,"Private, ltd by shares"322,0229275,"PILATH INVESTMENTS LIMITED",1988-10-07,2003-08-29,"Private, ltd by shares"323,0229279,"PILMER SERVICES LIMITED",1988-10-07,1997-05-30,"Private, ltd by shares"324,0229273,"PILSON HOLDINGS LIMITED",1988-10-07,1995-10-06,"Private, ltd by shares"325,0229270,"PILSWORTH CONSULTANTS LIMITED",1988-10-07,1998-11-13,"Private, ltd by shares"326,0229256,"PIMLOT INTERNATIONAL LIMITED",1988-10-07,2005-09-23,"Private, ltd by shares"327,0229258,"PITCHCROFT TRADING LIMITED",1988-10-07,1997-04-25,"Private, ltd by shares"328,0229482,"PLASTIC MATE PRODUCTS MANUFACTORY LIMITED
百事美塑膠五金有限公司",1988-10-07,,"Private, ltd by shares"329,0229557,"PLOT COMPANY LIMITED",1988-10-07,1997-06-27,"Private, ltd by shares"330,0229289,"POLORISE LIMITED (d2003-08-29)
昇鎮有限公司",1988-10-07,2003-08-29,"Private, ltd by shares"331,0229233,"POLY MARK DEVELOPMENT LIMITED (d2001-05-11)
宏刻發展有限公司",1988-10-07,2001-05-11,"Private, ltd by shares"332,0229412,"POLYBEST CONSULTANTS LIMITED
寶基顧問有限公司",1988-10-07,2003-08-29,"Private, ltd by shares"333,0229413,"POLYCROWN CONSULTANTS LIMITED
捷聯顧問有限公司",1988-10-07,,"Private, ltd by shares"334,0229406,"POLYCROWN INVESTMENT LIMITED
榮基投資有限公司",1988-10-07,2007-03-09,"Private, ltd by shares"335,0229391,"POLYFAIR COMPANY LIMITED",1988-10-07,1999-07-09,"Private, ltd by shares"336,0229411,"POLYFAIR DEVELOPMENT LIMITED
亨賢發展有限公司",1988-10-07,1997-06-06,"Private, ltd by shares"337,0229403,"POLYFAIR SERVICES LIMITED
寶基服務有限公司",1988-10-07,2003-05-30,"Private, ltd by shares"338,0229417,"POLYKING NOMINEES LIMITED
啟昌代理人有限公司",1988-10-07,1997-06-06,"Private, ltd by shares"339,0229405,"POLYKING SERVICES LIMITED
栢麗服務有限公司",1988-10-07,,"Private, ltd by shares"340,0229501,"PORTALE LIMITED",1988-10-07,1997-06-20,"Private, ltd by shares"341,0229563,"POWERFUL YEAR DEVELOPMENT LIMITED
豪年發展有限公司",1988-10-07,,"Private, ltd by shares"342,0229428,"POWERWAY NOMINEES LIMITED
帝昌代理人有限公司",1988-10-07,1997-06-06,"Private, ltd by shares"343,0229502,"PRAKLE LIMITED
世紀娛樂國際有限公司",1988-10-07,,"Private, ltd by shares"344,0229197,"PRAXIS DEVELOPMENT LIMITED",1988-10-07,,"Private, ltd by shares"345,0229421,"PRECISION FINANCIAL AND MANAGEMENT CONSULTANTS LIMITED",1988-10-07,2004-05-07,"Private, ltd by shares"346,0229685,"PREMIER CARD COMPANY LIMITED
金咭有限公司",1988-10-07,,"Private, ltd by shares"347,0229396,"PRINCETON INDUSTRIAL LIMITED
啟邦實業有限公司",1988-10-07,2003-08-29,"Private, ltd by shares"348,0229546,"PRINDI ELECTRIC &amp; MACHINERY COMPANY LIMITED
栢迪機電工程有限公司",1988-10-07,,"Private, ltd by shares"349,0229379,"PROGRESS PLAN LIMITED (d1997-04-18)
進劃有限公司",1988-10-07,1997-04-18,"Private, ltd by shares"350,0229481,"PROSPERITY OPTICAL MANUFACTORY LIMITED
創豐眼鏡廠有限公司",1988-10-07,2003-08-29,"Private, ltd by shares"351,0229699,"PTL ELECTRONIC COMPANY LIMITED",1988-10-07,2009-12-04,"Private, ltd by shares"352,0229574,"Q V I LIMITED",1988-10-07,,"Private, ltd by shares"353,0229299,"QUEEN BRIDAL SALON COMPANY LIMITED
英皇婚紗晚裝有限公司",1988-10-07,,"Private, ltd by shares"354,0229469,"QUELENEC INVESTMENTS LIMITED",1988-10-07,2000-01-11,"Private, ltd by shares"355,0229255,"RADWINTER COMPANY LIMITED",1988-10-07,2002-07-05,"Private, ltd by shares"356,0229398,"RAINBOW SHINE INVESTMENT LIMITED
彩栢投資有限公司",1988-10-07,,"Private, ltd by shares"357,0229359,"REAL BRIDGE DEVELOPMENT LIMITED
真僑發展有限公司",1988-10-07,1996-10-25,"Private, ltd by shares"358,0229358,"REAL EAST INVESTMENT LIMITED
真南投資有限公司",1988-10-07,2001-08-24,"Private, ltd by shares"359,0229360,"REAL PEACE DEVELOPMENT LIMITED
真和發展有限公司",1988-10-07,1991-02-15,"Private, ltd by shares"360,0229381,"REAL ROAD INVESTMENT LIMITED
真通投資有限公司",1988-10-07,1997-09-10,"Private, ltd by shares"361,0229382,"REAL WOOD INVESTMENT LIMITED
真活投資有限公司",1988-10-07,2010-10-29,"Private, ltd by shares"362,0229308,"RED HORSE LIMITED
赤駒有限公司",1988-10-07,2015-07-31,"Private, ltd by shares"363,0229241,"RENZHIHE INTERNATIONAL TRADING COMPANY LIMITED
人之和國際貿易有限公司",1988-10-07,1998-10-09,"Private, ltd by shares"364,0229650,"RICH BLOOM COMPANY LIMITED
域保銀壯有限公司",1988-10-07,,"Private, ltd by shares"365,0229649,"RICH CLASS DEVELOPMENT LIMITED
亨發發展有限公司",1988-10-07,2001-09-28,"Private, ltd by shares"366,0229647,"RICH COUNTRY DEVELOPMENT LIMITED
亨域發展有限公司",1988-10-07,1998-10-09,"Private, ltd by shares"367,0229648,"RICH VENTURE DEVELOPMENT LIMITED
亨倫發展有限公司",1988-10-07,,"Private, ltd by shares"368,0229419,"RICHMAX NOMINEES LIMITED
銀卓代理人有限公司",1988-10-07,2010-03-12,"Private, ltd by shares"369,0229569,"RIGHT FIELD DEVELOPMENT LIMITED
正商發展有限公司",1988-10-07,2017-07-07,"Private, ltd by shares"370,0229231,"ROUNDHAY INTERNATIONAL LIMITED",1988-10-07,,"Private, ltd by shares"371,0229370,"ROXY FORM LIMITED
建築聲學(亞洲)有限公司",1988-10-07,2002-12-06,"Private, ltd by shares"372,0229470,"SAMPFORD PROPERTIES LIMITED (d1996-01-26)",1988-10-07,1996-01-26,"Private, ltd by shares"373,0229474,"SANDGALL INTERNATIONAL LIMITED",1988-10-07,1997-04-25,"Private, ltd by shares"374,0229534,"SANGGAU LIMITED",1988-10-07,1997-06-27,"Private, ltd by shares"375,0229209,"SANTAIN LIMITED
欣鼎有限公司",1988-10-07,,"Private, ltd by shares"376,0229303,"SEANO LIMITED
思盧有限公司",1988-10-07,1999-03-12,"Private, ltd by shares"377,0229315,"SEE &amp; BUY LIMITED
思買有限公司",1988-10-07,1996-05-10,"Private, ltd by shares"378,0229452,"SHEEN LIGHT INDUSTRIAL LIMITED
佳亮實業有限公司",1988-10-07,2006-12-01,"Private, ltd by shares"379,0229224,"SHEEN LONG INVESTMENT LIMITED
順煌投資有限公司",1988-10-07,1999-03-12,"Private, ltd by shares"380,0229277,"SHERALD PRODUCTS LIMITED",1988-10-07,2000-07-21,"Private, ltd by shares"381,0229227,"SHERPA INDUSTRIES (H.K.) LIMITED",1988-10-07,1997-06-27,"Private, ltd by shares"382,0229280,"SHERRATT SERVICES LIMITED (d1994-08-26)",1988-10-07,1994-08-26,"Private, ltd by shares"383,0229269,"SHEVLANE CONSULTANTS LIMITED (d2002-02-08)",1988-10-07,2002-02-08,"Private, ltd by shares"384,0229573,"SIANGHING ZIPPER (HONG KONG) COMPANY LIMITED
翔興拉鍊制品(香港)有限公司",1988-10-07,1997-02-21,"Private, ltd by shares"385,0229302,"SILVER FAN LIMITED (d2013-07-05)
銀扇有限公司",1988-10-07,2013-07-05,"Private, ltd by shares"386,0229514,"SILVER HOPE INVESTMENT LIMITED
錦鵬投資有限公司",1988-10-07,,"Private, ltd by shares"387,0229356,"SILVER PATH DEVELOPMENT LIMITED
銀徑發展有限公司",1988-10-07,,"Private, ltd by shares"388,0229508,"SILVER PRODUCT COMPANY LIMITED
百銀貿易有限公司",1988-10-07,1997-06-27,"Private, ltd by shares"389,0229414,"SILVERWELL NOMINEES LIMITED
銀益代理人有限公司",1988-10-07,2003-08-29,"Private, ltd by shares"390,0229345,"SIMABO LIMITED",1988-10-07,1997-04-25,"Private, ltd by shares"391,0229606,"SINGAMAS CONTAINER HOLDINGS LIMITED
勝獅貨櫃企業有限公司",1988-10-07,,"Listed company"392,0229503,"SINHU COSMETIC COTTON (H.K.) LIMITED
星湖化粧棉(香港)有限公司",1988-10-07,2001-11-23,"Private, ltd by shares"393,0229423,"SINOMARK CONSULTANTS LIMITED
華捷顧問有限公司",1988-10-07,2000-06-16,"Private, ltd by shares"394,0229632,"SKY FORTUNE DEVELOPMENT LIMITED (d2011-06-17)
世活發展有限公司",1988-10-07,2011-06-17,"Private, ltd by shares"395,0229633,"SKY GLORY INVESTMENT LIMITED (d1997-02-21)
亨寧投資有限公司",1988-10-07,1997-02-21,"Private, ltd by shares"396,0229631,"SM INVESTMENT CO., LIMITED
進億投資有限公司",1988-10-07,2001-03-16,"Private, ltd by shares"397,0229467,"SMC KOGYO (HONG KONG) LIMITED
雅意興業(香港)有限公司",1988-10-07,,"Private, ltd by shares"398,0229344,"SOJEN DEVELOPMENT LIMITED
綉城發展有限公司",1988-10-07,2015-12-18,"Private, ltd by shares"399,0229346,"SOLAR FIELD DEVELOPMENT LIMITED
沛田發展有限公司",1988-10-07,1997-03-21,"Private, ltd by shares"400,0229305,"SOLAR HILL PROPERTIES LIMITED
沛峯置業有限公司",1988-10-07,,"Private, ltd by shares"401,0229645,"SOLID FORCE COMPANY LIMITED
多邁有限公司",1988-10-07,2001-07-20,"Private, ltd by shares"402,0229644,"SOLID PHOENIX COMPANY LIMITED
上策有限公司",1988-10-07,2003-08-29,"Private, ltd by shares"403,0229357,"SOUTH SEA FASHION LIMITED
南海時裝有限公司",1988-10-07,2002-05-24,"Private, ltd by shares"404,0229306,"SPEED MATE INVESTMENT LIMITED
快傑投資有限公司",1988-10-07,1998-11-19,"Private, ltd by shares"405,0229677,"SPEEDY CHEER INVESTMENT LIMITED
崇資投資有限公司",1988-10-07,1995-11-30,"Private, ltd by shares"406,0229354,"SPORT TIME INVESTMENT LIMITED
育時投資有限公司",1988-10-07,,"Private, ltd by shares"407,0229564,"SPREAD FINE DEVELOPMENT LIMITED
展佳發展有限公司",1988-10-07,1995-12-22,"Private, ltd by shares"408,0229304,"STAND WAY INVESTMENT LIMITED
增立投資有限公司",1988-10-07,2015-09-11,"Private, ltd by shares"409,0229445,"STANZA INVESTMENT COMPANY LIMITED
特詩投資有限公司",1988-10-07,1997-04-25,"Private, ltd by shares"410,0229295,"STARGOLD INDUSTRIAL LIMITED
八駿實業有限公司",1988-10-07,1997-02-28,"Private, ltd by shares"411,0229440,"STEEL GLO (H.K.) LIMITED
永誠鋼鐵有限公司",1988-10-07,2010-01-22,"Private, ltd by shares"412,0229248,"STEP 10 PRODUCTION LIMITED
思達製作有限公司",1988-10-07,1997-06-27,"Private, ltd by shares"413,0229291,"STORMAN LIMITED
儲文有限公司",1988-10-07,2003-04-04,"Private, ltd by shares"414,0229464,"STRONG-UP ENGINEERING LIMITED
強昇工程有限公司",1988-10-07,1993-08-26,"Private, ltd by shares"415,0229297,"STYLAND FOOD PRODUCTS LIMITED
大凌食品有限公司",1988-10-07,2002-08-23,"Private, ltd by shares"416,0229327,"SUDO PETS (HONG KONG) LIMITED
首籐(香港)有限公司",1988-10-07,2005-12-23,"Private, ltd by shares"417,0229427,"SUKI CONSULTANTS LIMITED
兆基顧問有限公司",1988-10-07,1998-02-20,"Private, ltd by shares"418,0229339,"SUN FOND TEXTILES COMPANY LIMITED
森豐紡織品有限公司",1988-10-07,1997-04-25,"Private, ltd by shares"419,0229215,"SUN LOK WAH INTERNATIONAL COMPANY LIMITED
生樂華國際有限公司",1988-10-07,,"Private, ltd by shares"420,0229483,"SUNNY-TECH ELECTRONIC COMPANY LIMITED
光日科技有限公司",1988-10-07,2011-07-21,"Private, ltd by shares"421,0229395,"SUNNYTON COMPANY LIMITED
穎僑有限公司",1988-10-07,1998-11-13,"Private, ltd by shares"422,0229409,"SUNSFORTUNE DEVELOPMENT LIMITED
崇福發展有限公司",1988-10-07,1994-09-09,"Private, ltd by shares"423,0229623,"SUPER PEOPLE ADVERTISING COMPANY LIMITED
浩才廣告有限公司",1988-10-07,2003-08-29,"Private, ltd by shares"424,0229343,"SUPREME BASE DEVELOPMENT LIMITED
仲培發展有限公司",1988-10-07,1999-02-26,"Private, ltd by shares"425,0229485,"SUZUTAN FASHION COMPANY LIMITED
鈴丹時裝有限公司",1988-10-07,2011-03-28,"Private, ltd by shares"426,0229436,"SWEETHOPE INVESTMENT LIMITED
精集有限公司",1988-10-07,2001-06-15,"Private, ltd by shares"427,0229198,"TAKA SECRETARIES LIMITED
德嘉秘書有限公司",1988-10-07,,"Private, ltd by shares"428,0229317,"TAKEEN INTERNATIONAL LIMITED
達晶國際有限公司",1988-10-07,2003-05-30,"Private, ltd by shares"429,0229626,"TAT CHUN PRINTED CIRCUIT BOARD COMPANY LIMITED
達進電路版有限公司",1988-10-07,,"Private, ltd by shares"430,0229333,"THEBUND INVESTMENT LIMITED
外灘投資有限公司",1988-10-07,,"Private, ltd by shares"431,0229239,"THOMAS CHOW ARCHITECTS &amp; ENGINEERS LIMITED",1988-10-07,1997-09-19,"Private, ltd by shares"432,0229642,"TIENDU MUSIC FORUM LIMITED
天都樂苑有限公司",1988-10-07,,"Private, ltd by shares"433,0229448,"TONAND MARINE LIMITED",1988-10-07,1997-04-25,"Private, ltd by shares"434,0229207,"TONSON TRANSPORTATION LIMITED
東順運輸有限公司",1988-10-07,1991-10-05,"Private, ltd by shares"435,0229245,"TONYET ELECTRONIC LIMITED
東益電子有限公司",1988-10-07,2004-03-12,"Private, ltd by shares"436,0229404,"TOP GLORY SERVICES LIMITED
裕興服務有限公司",1988-10-07,2003-08-29,"Private, ltd by shares"437,0229388,"TOP RAY INDUSTRIAL COMPANY LIMITED
名紡香港實業有限公司",1988-10-07,1996-09-11,"Private, ltd by shares"438,0229458,"TOP SHINE INVESTMENTS LIMITED
特亮投資有限公司",1988-10-07,1996-09-13,"Private, ltd by shares"439,0229509,"TOP-SEC MANAGEMENT LIMITED
恒添秘書管理有限公司",1988-10-07,,"Private, ltd by shares"440,0229599,"TOPDECK LIMITED (d1999-03-26)",1988-10-07,1999-03-26,"Private, ltd by shares"441,0229221,"TOPICK DEVELOPMENT LIMITED
冠桂發展有限公司",1988-10-07,2003-08-29,"Private, ltd by shares"442,0229385,"TOPPAN SERVICES LIMITED
峯達服務有限公司",1988-10-07,1997-04-25,"Private, ltd by shares"443,0229695,"TOPTEX GARMENT FACTORY LIMITED
溢裕製衣廠有限公司",1988-10-07,2007-02-16,"Private, ltd by shares"444,0229337,"TOTAL BENEFIT LIMITED (d2003-01-10)
總利有限公司",1988-10-07,2003-01-10,"Private, ltd by shares"445,0229316,"TOTAL RAYS LIMITED
總光有限公司",1988-10-07,2003-08-29,"Private, ltd by shares"446,0229437,"TOVA ELECTRONICS INDUSTRIES LIMITED
通帆電子實業有限公司",1988-10-07,2018-10-05,"Private, ltd by shares"447,0229353,"TRACK INVESTMENT CORPORATION HONG KONG LIMITED",1988-10-07,1997-03-21,"Private, ltd by shares"448,0229272,"TRANSCOM INTERNATIONAL LIMITED (d1995-02-24)",1988-10-07,1995-02-24,"Private, ltd by shares"449,0229281,"TRE INTERNATIONAL (HK) LIMITED",1988-10-07,1999-05-24,"Private, ltd by shares"450,0229598,"TRIEAST MARKETING LIMITED",1988-10-07,1995-11-17,"Private, ltd by shares"451,0229518,"TSEUK FOOK INVESTMENT LIMITED
爵福投資有限公司",1988-10-07,,"Private, ltd by shares"452,0229369,"TURN WAY LIMITED
旋途有限公司",1988-10-07,1999-02-26,"Private, ltd by shares"453,0229525,"TYLER INVESTMENTS LIMITED (d1995-12-22)",1988-10-07,1995-12-22,"Private, ltd by shares"454,0229555,"U.A.P. HOLDING (FAR EAST) LIMITED",1988-10-07,2002-09-06,"Private, ltd by shares"455,0229537,"UIDC (HK) LIMITED
格萊富(香港)有限公司",1988-10-07,2001-10-19,"Private, ltd by shares"456,0229580,"UNION (INTERNATIONAL) KNITTING FACTORY LIMITED
友聯(國際)織造廠有限公司",1988-10-07,,"Private, ltd by shares"457,0229334,"UNION FOREST LIMITED
友森有限公司",1988-10-07,2005-09-23,"Private, ltd by shares"458,0229204,"UNION HARVEST DEVELOPMENT LIMITED (d2003-07-04)
赫維思特有限公司",1988-10-07,2003-07-04,"Private, ltd by shares"459,0229612,"UNIQUASAM INTERNATIONAL LIMITED
優妮國際有限公司",1988-10-07,2003-08-29,"Private, ltd by shares"460,0229520,"UP AND UP DEVELOPMENT LIMITED
永驅發展有限公司",1988-10-07,1997-06-27,"Private, ltd by shares"461,0229522,"V-SHAPE TRADING LIMITED
報捷貿易有限公司",1988-10-07,1994-09-23,"Private, ltd by shares"462,0229259,"VERARD COMPANY LIMITED",1988-10-07,2000-07-21,"Private, ltd by shares"463,0229351,"VILLY ESTATE LIMITED
偉理地產有限公司",1988-10-07,,"Private, ltd by shares"464,0229335,"VILLY SERVICES LIMITED
維利服務有限公司",1988-10-07,2003-04-25,"Private, ltd by shares"465,0229643,"VINCENT VAN GOGH MARKETING LIMITED
梵谷發展有限公司",1988-10-07,2000-06-16,"Private, ltd by shares"466,0229447,"VINOYA ENTERPRISES COMPANY LIMITED",1988-10-07,2003-08-29,"Private, ltd by shares"467,0229336,"VITOBO LIMITED",1988-10-07,1993-01-12,"Private, ltd by shares"468,0229498,"VIZEL LIMITED",1988-10-07,1991-09-07,"Private, ltd by shares"469,0229548,"WAI MAN PUBLIC LIGHT BUS SERVICES LIMITED
維民公共小巴服務有限公司",1988-10-07,1997-06-27,"Private, ltd by shares"470,0229556,"WANLIN LIMITED
韻林有限公司",1988-10-07,2001-09-26,"Private, ltd by shares"471,0229517,"WEALTH MATE INVESTMENT LIMITED
俊裕投資有限公司",1988-10-07,1998-11-07,"Private, ltd by shares"472,0229504,"WEALTHLAND CONSULTANTS &amp; MANAGEMENT LIMITED
置裕顧問管理有限公司",1988-10-07,2003-08-29,"Private, ltd by shares"473,0229387,"WEALTHY YEAR PROPERTIES LIMITED
裕年置業有限公司",1988-10-07,1995-04-05,"Private, ltd by shares"474,0229516,"WELLBRING INVESTMENT LIMITED
冠祐投資有限公司",1988-10-07,2003-08-29,"Private, ltd by shares"475,0229510,"WELLCORP NOMINEES LIMITED
佳發代理人有限公司",1988-10-07,2005-09-23,"Private, ltd by shares"476,0229545,"WELLFRIEND CORPORATE PLANNING LIMITED
華行企業策略有限公司",1988-10-07,2004-03-12,"Private, ltd by shares"477,0229424,"WELLSPEED CONSULTANTS LIMITED
達成顧問有限公司",1988-10-07,2004-12-01,"Private, ltd by shares"478,0229524,"WELSLEY LIMITED",1988-10-07,2012-02-24,"Private, ltd by shares"479,0229591,"WESTFIELD LIMITED (d1995-04-26)",1988-10-07,1995-04-26,"Private, ltd by shares"480,0229575,"WHIRLPOOL (HONG KONG) LIMITED
惠而浦(香港)有限公司",1988-10-07,,"Private, ltd by shares"481,0229208,"WHOLLY SERVE LIMITED",1988-10-07,2003-04-25,"Private, ltd by shares"482,0229386,"WIFOCUS INVESTMENT LIMITED
永準投資有限公司",1988-10-07,1997-04-18,"Private, ltd by shares"483,0229364,"WILL CITY INVESTMENT LIMITED
願都投資有限公司",1988-10-07,,"Private, ltd by shares"484,0229505,"WIN CIRCLE SERVICES LIMITED
宏勝服務有限公司",1988-10-07,1997-06-20,"Private, ltd by shares"485,0229238,"WINFOLLOW LIMITED
運之冠有限公司",1988-10-07,1997-06-27,"Private, ltd by shares"486,0229544,"WING YICK AIR-CONDITIONING COMPANY LIMITED
永益冷氣有限公司",1988-10-07,,"Private, ltd by shares"487,0229352,"WISPRING INVESTMENT LIMITED
永泉投資有限公司",1988-10-07,1990-02-03,"Private, ltd by shares"488,0229602,"WO FAT BARGE COMPANY LIMITED
和發躉船有限公司",1988-10-07,2003-05-02,"Private, ltd by shares"489,0229234,"WORKMASTER INTERNATIONAL LIMITED
開利實業有限公司",1988-10-07,,"Private, ltd by shares"490,0229348,"WORLD CITIZEN INVESTMENT LIMITED
奕忠投資有限公司",1988-10-07,1997-04-25,"Private, ltd by shares"491,0229696,"YAMATO ADVISERS LIMITED",1988-10-07,1997-08-29,"Private, ltd by shares"492,0229616,"YANGLI LIMITED",1988-10-07,,"Private, ltd by shares"493,0229366,"YANVEN LIMITED (HK)
仁韻有限公司",1988-10-07,,"Private, ltd by shares"494,0229590,"YELLOW FLAME LIMITED",1988-10-07,1997-02-21,"Private, ltd by shares"495,0229609,"YEN YUN COMPANY LIMITED
妍裕有限公司",1988-10-07,2007-07-06,"Private, ltd by shares"496,0229621,"YENBO LIMITED",1988-10-07,2002-10-04,"Private, ltd by shares"497,0229550,"YESWELL INDUSTRIAL COMPANY LIMITED",1988-10-07,2002-09-27,"Private, ltd by shares"498,0229287,"YIELDLUCK DEVELOPMENT LIMITED
優惠發展有限公司",1988-10-07,1999-02-26,"Private, ltd by shares"499,0229365,"YOBOUR INVESTMENT LIMITED
仁霸投資有限公司",1988-10-07,,"Private, ltd by shares"500,0229254,"YODO SCREEN PRINTING INDUSTRIAL COMPANY LIMITED
旭圖絲印實業有限公司",1988-10-07,1992-08-26,"Private, ltd by shares"501,0229367,"YOUTH PIONEER LIMITED
少鋒有限公司",1988-10-07,1995-06-30,"Private, ltd by shares"502,0229205,"YUE XIU (PACIFIC) LIMITED
越秀(太平洋)有限公司",1988-10-07,2012-04-05,"Private, ltd by shares"503,0229383,"Yukon Hong Kong Holding Limited
裕慷香港控股有限公司",1988-10-07,,"Private, ltd by shares"504,0229618,"ZARAT LIMITED",1988-10-07,,"Private, ltd by shares"